4 6 3 8 1 2 7 9 5
1 2 5 3 7 9 4 6 8
7 8 9 4 5 6 1 2 3
2 1 4 5 3 7 6 8 9
3 5 6 1 9 8 2 4 7
8 9 7 2 6 4 3 5 1
5 3 2 6 8 1 9 7 4
6 7 1 9 4 5 8 3 2
9 4 8 7 2 3 5 1 6

4 6 3 8 1 2 7 9 5
1 2 5 3 7 9 4 6 8
7 8 9 4 5 6 1 2 3
2 1 4 5 3 7 6 8 9
3 5 6 1 9 8 2 4 7
8 9 7 2 6 4 3 5 1
5 3 2 6 8 1 9 7 4
6 7 8 9 4 3 5 1 2
9 4 1 7 2 5 8 3 6

4 6 3 8 1 2 7 9 5
1 2 5 3 7 9 4 6 8
7 8 9 4 5 6 1 2 3
2 1 4 5 3 7 6 8 9
3 5 6 1 9 8 2 4 7
8 9 7 2 6 4 3 5 1
5 3 2 6 8 1 9 7 4
9 4 1 7 2 5 8 3 6
6 7 8 9 4 3 5 1 2

4 6 3 8 1 2 7 9 5
1 2 5 3 7 9 4 6 8
7 8 9 4 5 6 1 2 3
2 1 4 5 3 7 6 8 9
3 5 6 1 9 8 2 4 7
8 9 7 2 6 4 3 5 1
5 3 2 6 8 1 9 7 4
9 4 8 7 2 3 5 1 6
6 7 1 9 4 5 8 3 2

4 6 3 8 1 2 7 9 5
1 2 5 3 7 9 4 6 8
7 8 9 4 5 6 1 2 3
2 1 4 5 3 7 6 8 9
3 5 6 1 9 8 2 4 7
8 9 7 2 6 4 3 5 1
5 3 2 9 4 1 8 7 6
6 4 1 7 8 5 9 3 2
9 7 8 6 2 3 5 1 4

4 6 3 8 1 2 7 9 5
1 2 5 3 7 9 4 6 8
7 8 9 4 5 6 1 2 3
2 1 4 5 3 7 6 8 9
3 5 6 1 9 8 2 4 7
8 9 7 2 6 4 3 5 1
5 3 2 9 4 1 8 7 6
9 7 8 6 2 3 5 1 4
6 4 1 7 8 5 9 3 2

4 6 3 8 1 2 7 9 5
1 2 5 3 7 9 4 6 8
7 8 9 4 5 6 1 2 3
2 1 4 5 3 7 6 8 9
3 5 6 1 9 8 2 4 7
8 9 7 2 6 4 3 5 1
5 3 8 6 2 1 9 7 4
6 7 1 9 4 5 8 3 2
9 4 2 7 8 3 5 1 6

4 6 3 8 1 2 7 9 5
1 2 5 3 7 9 4 6 8
7 8 9 4 5 6 1 2 3
2 1 4 5 3 7 6 8 9
3 5 6 1 9 8 2 4 7
8 9 7 2 6 4 3 5 1
5 3 8 6 2 1 9 7 4
9 4 2 7 8 3 5 1 6
6 7 1 9 4 5 8 3 2

4 6 3 8 1 2 7 9 5
1 2 5 3 7 9 4 6 8
7 8 9 4 5 6 1 2 3
2 1 4 5 3 7 6 8 9
3 5 6 1 9 8 2 4 7
8 9 7 2 6 4 3 5 1
5 3 8 6 4 1 9 7 2
6 7 1 9 2 5 8 3 4
9 4 2 7 8 3 5 1 6

4 6 3 8 1 2 7 9 5
1 2 5 3 7 9 4 6 8
7 8 9 4 5 6 1 2 3
2 1 4 5 3 7 6 8 9
3 5 6 1 9 8 2 4 7
8 9 7 2 6 4 3 5 1
5 3 8 6 4 1 9 7 2
6 7 2 9 8 3 5 1 4
9 4 1 7 2 5 8 3 6
